Run semi-empirical minimization
 &qmmm
    qm_theory='AM1', grms_tol=0.0005,
 scfconv=1.d-10, ndiis_attempts=700,   qmcharge=-4,
 /
   7   N6A       40.1450       60.8850       52.7640 
   1  HN6A       39.7980       61.7570       52.3880 
   1  HN6B       39.4190       60.3730       53.2500 
   6   C6A       41.1270       60.2070       52.1930 
   7   N1A       41.8150       60.9550       51.3420 
   6   C2A       42.7820       60.1590       50.7400 
   1   H2A       43.3110       60.6120       49.9120 
   7   N3A       43.1990       58.8060       50.9520 
   6   C4A       42.5910       58.2860       52.0210 
   6   C5M       41.5530       58.9490       52.6390 
   7   N7A       41.0190       58.2710       53.7170 
   6   C8A       41.7570       57.1220       53.6440 
   1   H8A       41.6620       56.2580       54.2880 
   7   N9A       42.6820       57.0730       52.6260 
   6   C1D       43.5360       55.9030       52.3470 
   8   O4D       44.7100       55.9890       51.5050 
   1   H1D       43.8580       55.4920       53.3100 
   6   C2D       42.7540       54.9590       51.4890 
   8   O2D       41.7000       54.2470       52.2150 
   1  HO2D       42.2330       53.7190       52.8340 
   1   H2D       42.2960       55.5010       50.6530 
   6   C3D       43.6510       53.9710       50.7420 
   8   O3D       43.8900       52.7800       51.5180 
  15   P3D       44.3920       52.5580       52.9980 
   8   O7A       45.6930       53.0900       53.4380 
   8   O8A       43.3600       53.1040       53.9210 
   8   O9A       44.2420       51.1300       53.4190 
   1   H3D       43.2970       53.6790       49.7460 
   6   C4D       44.9830       54.7630       50.7120 
   1   H4D       45.7980       54.2120       51.1970 
   6   C5D       45.4290       55.0530       49.3250 
   1   H5D       44.6500       55.5950       48.7750 
   1  H5DA       45.6720       54.0630       48.9190 
   8   O5D       46.6320       55.8280       49.2800 
  15   P1A       47.9890       55.1790       49.8930 
   8   O1A       48.0440       53.7530       49.6280 
   8   O2A       48.1630       55.5790       51.3230 
   8   O3A       48.9630       56.0320       49.1610 
  15   P2A       49.8570       55.2280       48.2190 
   8   O4A       49.3800       54.7140       46.9420 
   8   O5A       50.8880       56.2360       47.8600 
   8   O6A       50.5610       54.2150       49.2430 
   6   CCP       51.6240       53.3590       48.7380 
   1   HCP       51.3160       52.8280       47.8290 
   1  HCPA       52.4340       54.0360       48.4410 
   6   CBP       52.2990       52.4350       49.7760 
   6   CDP       53.4140       51.5370       49.2320 
   1   HDP       53.0390       50.7670       48.5470 
   1  HDPA       53.9970       50.9550       49.9550 
   1  HDPB       54.1570       52.1000       48.6540 
   6   CEP       52.9200       53.3230       50.8090 
   1   HEP       53.3260       52.8040       51.6850 
   1  HEPA       53.7720       53.9010       50.4300 
   1  HEPB       52.2000       54.0530       51.2000 
   6   CAP       51.2100       51.5400       50.5290 
   8   OAP       50.2710       52.3120       51.3430 
   1  HOAP       50.2450       53.0940       50.7650 
   1   HAP       51.7130       50.9590       51.3120 
   6   C9P       50.3440       50.4910       49.7360 
   8   O9P       50.6730       49.3450       49.5010 
   7   N8P       49.1980       51.0440       49.1520 
   1  HN8P       48.8820       51.9290       49.5320 
   6   C7P       48.3720       50.3360       48.1580 
   1   H7P       47.3130       50.3720       48.4410 
   1  H7PA       48.7160       49.2960       48.0970 
   6   C6P       48.3910       51.0380       46.7790 
   1   H6P       49.3590       51.4870       46.5250 
   1  H6PA       47.7030       51.8910       46.8210 
   6   C5P       48.0170       50.1040       45.6640 
   8   O5P       47.8380       48.8930       45.7820 
   7   N4P       47.7550       50.7420       44.4510 
   1  HN4P       47.9510       51.7350       44.4240 
   6   C3P       47.1800       49.8820       43.3460 
   1   H3P       46.2190       49.4670       43.6720 
   1  H3PA       47.9100       49.0800       43.1840 
   6   C2P       46.8820       50.8010       42.1350 
   1   H2P       47.8200       51.1880       41.7180 
   1  H2PA       46.3170       51.6750       42.4820 
  16   S1P       45.8780       49.9240       40.8120 
   6   C1B       47.2630       49.1360       39.9240 
   8   O57       48.4570       49.2200       40.2110 
   6   C2B       46.8590       47.9440       39.0450 
   6   C3B       45.7130       47.1050       39.3810 
   1   H3B       45.0990       47.3430       40.2450 
   6   C4B       45.5130       45.8720       38.6330 
   1   H4B       44.6500       45.2840       38.9300 
   6   C5B       46.3200       45.6210       37.4810 
   1   H5B       46.0950       44.7770       36.8340 
   6   C6B       47.3670       46.5400       37.1560 
   1   H6B       48.0350       46.4800       36.3020 
   6   C7B       47.6170       47.6870       37.9170 
   9    F1       48.6180       48.3230       37.6090 

