#Frame      Dis_00001
       1       6.7281
       2       6.8074
       3       7.0147
       4       7.3438
       5       7.5245
       6       7.2413
       7       7.2113
       8       6.7607
       9       6.5267
      10       6.1663
      11       7.1181
      12       6.4198
      13       7.2384
      14       6.7203
      15       6.5068
      16       6.6865
      17       6.4663
      18       8.1778
      19       6.5380
      20       6.4809
      21       7.1687
      22       6.9922
      23       6.8397
      24       6.4838
      25       8.3052
      26       6.4602
      27       6.8974
      28       8.2494
      29       7.4667
      30       6.8541
      31       6.3633
      32       6.9818
      33       7.0271
      34       6.9810
      35       6.8791
      36       7.3196
      37       6.7120
      38       6.7364
      39       6.6406
      40       6.9926
      41       7.5189
      42       6.7446
      43       6.9400
      44       7.5419
      45       6.1460
      46       6.4572
      47       7.3682
      48       6.6975
      49       7.0418
      50       6.1615
      51       6.4532
      52       6.8670
      53       6.4179
      54       7.1753
      55       6.8571
      56       7.3312
      57       6.8661
      58       6.6488
      59       6.1921
      60       7.2509
      61       7.1638
      62       7.0752
      63       7.0194
      64       7.1667
      65       6.8153
      66       6.4978
      67       6.4801
      68       6.6124
      69       6.8668
      70       7.2137
      71       6.6838
      72       7.1304
      73       7.1028
      74       6.6401
      75       7.0801
      76       6.8728
      77       6.7192
      78       6.9515
      79       7.1044
      80       7.6935
      81       6.6445
      82       6.9998
      83       7.3898
      84       7.2725
      85       7.4818
      86       7.4465
      87       7.2752
      88       7.4419
      89       6.4706
      90       7.2011
      91       6.5416
      92       6.4641
      93       6.6259
      94       6.9793
      95       6.1020
      96       6.7539
      97       6.2016
      98       6.3655
      99       6.7676
     100       8.7816
     101       8.7066
     102       8.2634
     103       7.7741
     104       6.9029
     105       7.1865
     106       8.6777
     107       9.1709
     108       8.7131
     109       8.8056
     110       8.1421
     111       8.9977
     112       9.1702
     113       8.4403
     114       8.6460
     115       8.6935
     116       8.2702
     117       8.4000
     118       8.1644
     119       9.2257
     120       8.4757
     121       8.6715
     122       9.1771
     123       9.2145
     124       9.5179
     125       9.9616
     126       8.9345
     127       9.9247
     128      10.5154
     129       9.6613
     130       9.2823
     131       8.5149
     132       9.3295
     133       8.6275
     134       9.1249
     135       9.0096
     136       9.5370
     137       9.1060
     138       9.4380
     139       9.8158
     140       9.8583
     141       9.5363
     142       9.4545
     143       7.8430
     144       9.1740
     145       8.8590
     146       9.6290
     147       9.2262
     148       9.2308
     149       9.2529
     150       8.7968
     151       8.9798
     152       9.8408
     153       9.2676
     154       9.5281
     155       9.4575
     156       9.3799
     157       9.3162
     158       8.9962
     159       8.4403
     160       9.2488
     161      11.1330
     162      11.5410
     163      11.6243
     164      11.9562
     165      11.2635
     166      10.4246
     167      11.2511
     168      10.7435
     169      10.3455
     170      10.4062
     171      10.1021
     172      11.4417
     173      11.1791
     174      10.9755
     175      10.9217
     176      10.4649
     177      10.9499
     178       9.9568
     179      11.3856
     180      10.9340
     181      10.8494
     182       9.6487
     183       9.9657
     184       9.1702
     185       8.6940
     186      10.1763
     187      10.2961
     188       8.9837
     189       8.5994
     190      10.9751
     191      10.6927
     192      11.0650
     193       9.2315
     194       8.9299
     195       9.4506
     196       7.6410
     197       8.8047
     198       8.6850
     199       8.5588
     200       7.9884
     201       8.3424
     202       8.2840
     203       8.6392
     204       9.0000
     205       9.2208
     206       8.6141
     207       9.3268
     208       9.3148
     209       9.7932
     210       8.9387
     211       8.9491
     212       9.1496
     213       8.9914
     214       9.0969
     215       9.2320
     216       9.4891
     217       8.8914
     218       8.9703
     219       8.2680
     220       9.3596
     221       9.6477
     222       9.7180
     223       9.4296
     224       9.5084
     225       9.3246
     226       9.5709
     227      10.0578
     228      10.2349
     229      11.0364
     230      10.0272
     231      10.2844
     232      10.4094
     233      10.6186
     234      10.4205
     235      10.4853
     236      10.0972
     237      10.5782
     238      10.4436
     239      10.9265
     240      10.0029
     241      10.7719
     242      10.2104
     243      10.1490
     244      11.0122
     245      10.5003
     246      10.8406
     247      10.5775
     248      10.1536
     249      10.1672
     250      10.3315
     251      10.1714
     252      10.6265
     253      11.3922
     254      11.3169
     255      11.2789
     256      10.3851
     257       9.5168
     258      10.0634
     259       9.6160
     260      10.7013
     261      10.3178
     262      10.8233
     263      10.9051
     264      10.9278
     265      11.8380
     266      11.2890
     267      11.3561
     268      12.3956
     269      12.4545
     270      12.0886
     271      12.6985
     272      12.1681
     273      11.8750
     274      11.5530
     275      11.1831
     276      11.5690
     277      12.0753
     278      11.6704
     279      12.2101
     280      12.2240
     281      12.4880
     282      12.7207
     283      13.4396
     284      12.2255
     285      12.5172
     286      11.9248
     287      12.5242
     288      12.9205
     289      12.2148
     290      12.3190
     291      11.8231
     292      12.2771
     293      12.0359
     294      12.6450
     295      12.3714
     296      12.0354
     297      12.2814
     298      12.7699
     299      12.6323
     300      14.0801
     301      13.7107
     302      13.3432
     303      15.3198
     304      13.8174
     305      15.9985
     306      15.3604
     307      14.7050
     308      14.9022
     309      14.8214
     310      14.3986
     311      13.8307
     312      14.7237
     313      13.9892
     314      14.8415
     315      14.3469
     316      15.4058
     317      15.5490
     318      15.2168
     319      14.6142
     320      15.8056
     321      15.8456
     322      13.7623
     323      13.9754
     324      13.9168
     325      14.8739
     326      14.4679
     327      12.9738
     328      15.3138
     329      14.3425
     330      14.8417
     331      14.8258
     332      14.8993
     333      16.7525
     334      16.7062
     335      17.2086
     336      16.9957
     337      17.9642
     338      19.3622
     339      18.7171
     340      19.7626
     341      18.4113
     342      18.7472
     343      17.7621
     344      19.5485
     345      19.7231
     346      17.8751
     347      17.8576
     348      17.5604
     349      20.5175
     350      19.7738
     351      21.0937
     352      20.8755
     353      19.8140
     354      20.6375
     355      21.0025
     356      21.8758
     357      21.4148
     358      21.3109
     359      20.4193
     360      20.0689
     361      19.9995
     362      18.0306
     363      17.3230
     364      17.7687
     365      17.8717
     366      18.0039
     367      19.1405
     368      19.7039
     369      19.3746
     370      19.1622
     371      19.6842
     372      20.0336
     373      19.5899
     374      18.7352
     375      19.6622
     376      21.0446
     377      19.6506
     378      21.9016
     379      19.9751
     380      19.8549
     381      21.1076
     382      21.7986
     383      20.1562
     384      20.4563
     385      22.0416
     386      22.4448
     387      21.5458
     388      22.3336
     389      21.8607
     390      21.6851
     391      21.3004
     392      21.9417
     393      20.4722
     394      21.2284
     395      21.1846
     396      21.6757
     397      20.9081
     398      20.6908
     399      20.8529
     400      18.7319
     401      19.9109
     402      21.0269
     403      18.6892
     404      20.8659
     405      21.3177
     406      22.1718
     407      21.8818
     408      21.4466
     409      21.1738
     410      20.9895
     411      21.8351
     412      21.2470
     413      22.3510
     414      21.9274
     415      21.9968
     416      21.6291
     417      21.2279
     418      20.7921
     419      21.2337
     420      21.4972
     421      20.5541
     422      20.8450
     423      20.7607
     424      19.7591
     425      20.5744
     426      20.6247
     427      19.4616
     428      19.1787
     429      21.0329
     430      19.9612
     431      19.8489
     432      18.7315
     433      19.1642
     434      18.9904
     435      18.6800
     436      19.7389
     437      18.3145
     438      18.9834
     439      19.2638
     440      21.5859
     441      20.4175
     442      20.9539
     443      18.3882
     444      18.7530
     445      19.4001
     446      18.3333
     447      17.7727
     448      18.4454
     449      18.4417
     450      18.3847
     451      18.6303
     452      21.5244
     453      18.6053
     454      18.7721
     455      17.8150
     456      18.1128
     457      18.3551
     458      18.8849
     459      18.7310
     460      18.8675
     461      18.8648
     462      19.0307
     463      18.6591
     464      18.2994
     465      18.2412
     466      18.4530
     467      18.3984
     468      17.7269
     469      19.0119
     470      19.7153
     471      21.9093
     472      20.5352
     473      19.9501
     474      19.8494
     475      20.7180
     476      19.4934
     477      19.9651
     478      19.2331
     479      20.1744
     480      18.0584
     481      18.9163
     482      20.2199
     483      18.5027
     484      17.8118
     485      17.8846
     486      17.7173
     487      17.8957
     488      19.4011
     489      20.8412
     490      21.3189
     491      20.0723
     492      19.8147
     493      19.9208
     494      20.4497
     495      19.6001
     496      19.8394
     497      20.3452
     498      20.2227
     499      19.4673
     500      19.9656
     501      19.8570
     502      19.1698
     503      20.0868
     504      19.4533
     505      19.2060
     506      18.9497
     507      19.9473
     508      18.6171
     509      20.4488
     510      21.2281
     511      21.0344
     512      20.1318
     513      18.9102
     514      20.1465
     515      18.7319
     516      20.0761
     517      20.7151
     518      19.9636
     519      19.9777
     520      20.0764
     521      20.2460
     522      18.8307
     523      19.6726
     524      19.0501
     525      19.0318
     526      20.0100
     527      19.9513
     528      20.4610
     529      19.9339
     530      19.7641
     531      20.2758
     532      21.8416
     533      21.3064
     534      20.9010
     535      20.3443
     536      21.0028
     537      19.5246
     538      20.1946
     539      19.2386
     540      20.0265
     541      20.5852
     542      21.1884
     543      20.1854
     544      19.8745
     545      19.9472
     546      18.9699
     547      18.0098
     548      18.2477
     549      19.2225
     550      19.3243
     551      18.2279
     552      19.8802
     553      19.3279
     554      18.3558
     555      20.1581
     556      19.4168
     557      19.3538
     558      20.3534
     559      17.8007
     560      18.4957
     561      18.2515
     562      20.2067
     563      19.6446
     564      20.2829
     565      19.4161
     566      18.6938
     567      18.9315
     568      19.7504
     569      19.1454
     570      20.9485
     571      20.4289
     572      18.4590
     573      17.2281
     574      17.7281
     575      18.0285
     576      18.0788
     577      17.9315
     578      18.8589
     579      19.8528
     580      18.1198
     581      18.1464
     582      19.3065
     583      19.1386
     584      19.2603
     585      19.1751
     586      18.5657
     587      18.3728
     588      20.7592
     589      20.1089
     590      19.7990
     591      19.8650
     592      19.1687
     593      19.9837
     594      19.8917
     595      19.0294
     596      20.6557
     597      19.8755
     598      18.1030
     599      19.0640
     600      19.0928
     601      19.8120
     602      20.0138
     603      21.4080
     604      21.1479
     605      21.0561
     606      19.5213
     607      19.8052
     608      20.1757
     609      20.1127
     610      20.4903
     611      18.8566
     612      18.9976
     613      18.6798
     614      18.8966
     615      19.0841
     616      18.6968
     617      19.0940
     618      19.6250
     619      18.9138
     620      17.6544
     621      18.1850
     622      17.5748
     623      17.2696
     624      18.2007
     625      18.3215
     626      17.8684
     627      17.1943
     628      17.2903
     629      17.4716
     630      17.6188
     631      16.4505
     632      17.0847
     633      15.9678
     634      17.0808
     635      16.7831
     636      17.0430
     637      17.0127
     638      17.3407
     639      16.3659
     640      17.0270
     641      17.3461
     642      16.5360
     643      17.8075
     644      16.3093
     645      16.4877
     646      17.2513
     647      16.2968
     648      17.2444
     649      16.0251
     650      16.7793
     651      17.5263
     652      17.1259
     653      15.8653
     654      16.2891
     655      17.3741
     656      16.7329
     657      17.5046
     658      16.5147
     659      16.1115
     660      16.7472
     661      16.6273
     662      16.5876
     663      16.6901
     664      17.4078
     665      17.4370
     666      15.9797
     667      16.3234
     668      16.9174
     669      16.1040
     670      16.6079
     671      16.7919
     672      16.8563
     673      16.7348
     674      16.8375
     675      16.8845
     676      16.7064
     677      16.4611
     678      16.8961
     679      16.8938
     680      17.3984
     681      17.4533
     682      16.7300
     683      16.9257
     684      17.8108
     685      17.2999
     686      17.4427
     687      16.8856
     688      17.1781
     689      16.9884
     690      16.8180
     691      17.1448
     692      17.2944
     693      16.7781
     694      18.7660
     695      17.3516
     696      17.5788
     697      17.1767
     698      17.0899
     699      17.1771
     700      17.0816
     701      18.5609
     702      17.7935
     703      18.9619
     704      16.7753
     705      16.8022
     706      17.0814
     707      17.7977
     708      17.3962
     709      17.2520
     710      17.5820
     711      17.4701
     712      17.3372
     713      16.4090
     714      17.5086
     715      16.4934
     716      17.5091
     717      17.3462
     718      17.2742
     719      16.5207
     720      17.8393
     721      17.4460
     722      16.2254
     723      17.4623
     724      17.2938
     725      17.2242
     726      17.6635
     727      17.4750
     728      17.3401
     729      17.3164
     730      17.2713
     731      19.3735
     732      19.0694
     733      19.0940
     734      18.6787
     735      20.0022
     736      19.6832
     737      20.4780
     738      20.6794
     739      22.6401
     740      20.2459
     741      20.2658
     742      20.2558
     743      22.3524
     744      22.4505
     745      22.7453
     746      23.5120
     747      25.8078
     748      23.7975
     749      26.7269
     750      24.7429
     751      23.6246
     752      25.8466
     753      24.6946
     754      27.1472
     755      27.6531
     756      26.5148
     757      24.3270
     758      25.6361
     759      28.6936
     760      28.0658
     761      28.0374
     762      27.1499
     763      28.6728
     764      28.4697
     765      24.7763
     766      24.0582
     767      23.2465
     768      23.2197
     769      23.0546
     770      23.4616
     771      24.3602
     772      23.4712
     773      25.2683
     774      24.2737
     775      24.1736
     776      23.3566
     777      24.1058
     778      23.9852
     779      24.2791
     780      24.4511
     781      25.2684
     782      26.4460
     783      25.6615
     784      25.4580
     785      24.3663
     786      24.5116
     787      23.9768
     788      24.2508
     789      25.5394
     790      26.5077
     791      26.1155
     792      26.3362
     793      26.3345
     794      26.5868
     795      26.3831
     796      26.5487
     797      26.9229
     798      27.9871
     799      26.3717
     800      27.8579
     801      26.9248
     802      29.1253
     803      29.1781
     804      28.7884
     805      27.5004
     806      28.3410
     807      27.9199
     808      29.0161
     809      28.3211
     810      29.3043
     811      29.4790
     812      29.1442
     813      29.6513
     814      30.1328
     815      29.4719
     816      28.7204
     817      25.0459
     818      23.7542
     819      24.9617
     820      25.7962
     821      24.3478
     822      21.6763
     823      23.6174
     824      22.6989
     825      23.2988
     826      20.5871
     827      21.3216
     828      21.0050
     829      20.1650
     830      20.3029
     831      19.9393
     832      21.2369
     833      20.0717
     834      20.5906
     835      20.2959
     836      20.4240
     837      20.8263
     838      20.9265
     839      21.4455
     840      20.6649
     841      21.2994
     842      21.2043
     843      21.5780
     844      20.3791
     845      21.1049
     846      20.5382
     847      20.8344
     848      20.3234
     849      20.4547
     850      19.7265
     851      21.1318
     852      19.9215
     853      19.5894
     854      20.4240
     855      24.5105
     856      25.5191
     857      24.8475
     858      24.6085
     859      24.6878
     860      24.9844
     861      24.5251
     862      24.0159
     863      23.8889
     864      24.0082
     865      24.4716
     866      24.0335
     867      23.5350
     868      23.7983
     869      25.2779
     870      26.1117
     871      25.7686
     872      25.0099
     873      25.8436
     874      27.1499
     875      26.8448
     876      26.3929
     877      26.8391
     878      25.2450
     879      25.3115
     880      26.7795
     881      26.8041
     882      27.5431
     883      27.1354
     884      27.0248
     885      26.6115
     886      27.7452
     887      27.1838
     888      27.7399
     889      26.2376
     890      28.0940
     891      28.7533
     892      28.0951
     893      27.2455
     894      28.6258
     895      27.7122
     896      29.3025
     897      29.8821
     898      29.3325
     899      26.4729
     900      27.6961
     901      28.0831
     902      29.3994
     903      31.0257
     904      29.6403
     905      28.6814
     906      28.8271
     907      27.7630
     908      28.0793
     909      28.6734
     910      27.1719
     911      25.3993
     912      26.6529
     913      24.9470
     914      26.7390
     915      27.2041
     916      27.7845
     917      27.9013
     918      26.4289
     919      29.6725
     920      29.9162
     921      29.1320
     922      30.5344
     923      31.8615
     924      29.8887
     925      30.9504
     926      29.6503
     927      30.3714
     928      29.5407
     929      29.6184
     930      29.8617
     931      28.6028
     932      29.2047
     933      29.4587
     934      29.2877
     935      28.5657
     936      28.7893
     937      29.0319
     938      28.7832
     939      28.9935
     940      28.6440
     941      28.4333
     942      28.4888
     943      29.7977
     944      28.7445
     945      29.3220
     946      29.1065
     947      30.1953
     948      31.8013
     949      30.2894
     950      29.9704
     951      29.2997
     952      28.1651
     953      30.0081
     954      28.7659
     955      30.1443
     956      28.8595
     957      28.4272
     958      30.9343
     959      29.7952
     960      29.1152
     961      29.7324
     962      30.1532
     963      29.9837
     964      29.8536
     965      30.1839
     966      29.6037
     967      29.9010
     968      29.0360
     969      28.9800
     970      29.7684
     971      30.3552
     972      29.7382
     973      29.7343
     974      29.2992
     975      29.7116
     976      29.3166
     977      29.1839
     978      29.0691
     979      29.0631
     980      29.7413
     981      30.1164
     982      29.6188
     983      29.4458
     984      29.1680
     985      30.4727
     986      29.5688
     987      29.5678
     988      29.1884
     989      30.0298
     990      29.5284
     991      29.9394
     992      30.2693
     993      31.0470
     994      31.1805
     995      31.8622
     996      31.1087
     997      30.8416
     998      28.9217
     999      30.2168
    1000      29.6537
    1001      28.9064
    1002      28.6400
    1003      28.5503
    1004      29.7916
    1005      29.7666
    1006      29.3364
    1007      28.6708
    1008      28.7355
    1009      28.6755
    1010      28.3970
    1011      28.2723
    1012      28.9525
    1013      29.0239
    1014      28.4269
    1015      29.5424
    1016      28.8531
    1017      29.1771
    1018      28.5416
    1019      29.1825
    1020      28.6489
    1021      29.7785
    1022      31.2178
    1023      30.9986
    1024      31.3041
    1025      31.1677
    1026      30.1584
    1027      30.3777
    1028      29.5489
    1029      30.6597
    1030      29.8549
    1031      30.5004
    1032      29.4770
    1033      29.6279
    1034      29.5623
    1035      29.0584
    1036      30.2109
    1037      30.6816
    1038      30.6956
    1039      29.7197
    1040      29.9529
    1041      29.7205
    1042      29.3217
    1043      28.5067
    1044      29.9840
    1045      28.9811
    1046      30.1187
    1047      29.0447
    1048      29.9929
    1049      29.8748
    1050      30.4588
    1051      31.7909
    1052      31.1926
    1053      30.0118
    1054      30.6686
    1055      30.0725
    1056      30.8948
    1057      29.9967
    1058      29.6034
    1059      29.2796
    1060      29.7154
    1061      30.1517
    1062      28.9451
    1063      28.8340
    1064      30.8186
    1065      28.1635
    1066      28.8697
    1067      29.2685
    1068      30.4873
    1069      29.4583
    1070      29.8232
    1071      30.7128
    1072      30.9092
    1073      31.3778
    1074      31.8103
    1075      32.2090
    1076      31.8993
    1077      32.0894
    1078      31.9679
    1079      32.4020
    1080      32.0480
    1081      32.2883
    1082      31.0546
    1083      31.7153
    1084      32.2242
    1085      31.7730
    1086      31.7473
    1087      32.2456
    1088      31.3204
    1089      30.6470
    1090      30.7997
    1091      30.5494
    1092      31.2495
    1093      30.7677
    1094      31.0635
    1095      29.9726
    1096      31.1126
    1097      31.7796
    1098      31.1949
    1099      30.0818
    1100      29.5466
    1101      30.1620
    1102      29.5441
    1103      29.9410
    1104      30.6681
    1105      30.0775
    1106      29.9457
    1107      32.0718
    1108      31.0874
    1109      31.4429
    1110      30.8965
    1111      31.7758
    1112      32.6150
    1113      31.6268
    1114      31.5956
    1115      30.5343
    1116      31.2228
    1117      30.0830
    1118      29.6616
    1119      30.3098
    1120      29.6070
    1121      28.7820
    1122      29.1053
    1123      29.6938
    1124      29.7531
    1125      29.3394
    1126      29.7974
    1127      30.2044
    1128      29.9130
    1129      30.2267
    1130      29.6740
    1131      29.5113
    1132      30.3148
    1133      29.5872
    1134      29.1318
    1135      28.9400
    1136      28.9074
    1137      30.3332
    1138      30.7899
    1139      30.9143
    1140      30.7141
    1141      29.9219
    1142      30.3534
    1143      30.1880
    1144      31.3627
    1145      30.9336
    1146      30.9599
    1147      30.9743
    1148      28.4031
    1149      28.3645
    1150      27.4759
    1151      27.6952
    1152      27.8255
    1153      28.8221
    1154      28.5291
    1155      29.1975
    1156      29.5671
    1157      30.1922
    1158      30.6138
    1159      30.5176
    1160      30.0892
    1161      28.0015
    1162      27.1938
    1163      28.9663
    1164      28.7342
    1165      29.6946
    1166      29.3136
    1167      28.7048
    1168      29.3356
    1169      28.5455
    1170      29.7283
    1171      30.4573
    1172      30.4479
    1173      31.8117
    1174      31.0514
    1175      30.5685
    1176      32.2062
    1177      30.5662
    1178      29.3316
    1179      30.8264
    1180      31.6925
    1181      32.3325
    1182      32.2204
    1183      30.8720
    1184      31.8644
    1185      31.6581
    1186      29.5770
    1187      31.6799
    1188      29.2885
    1189      29.2115
    1190      30.1079
    1191      30.2140
    1192      30.8590
    1193      32.0187
    1194      31.1736
    1195      31.0697
    1196      30.3394
    1197      30.7183
    1198      29.8756
    1199      27.9738
    1200      26.7426
    1201      28.1423
    1202      28.4287
    1203      28.2607
    1204      27.2428
    1205      29.3547
    1206      27.9898
    1207      25.7889
    1208      26.5632
    1209      26.7467
    1210      28.0771
    1211      29.5500
    1212      28.5215
    1213      27.5364
    1214      26.4598
    1215      26.8732
    1216      28.4148
    1217      27.4713
    1218      25.6867
    1219      24.5960
    1220      24.2762
    1221      26.7761
    1222      27.0480
    1223      26.8972
    1224      26.6855
    1225      27.5324
    1226      26.7933
    1227      25.3317
    1228      25.3933
    1229      25.7649
    1230      25.3393
    1231      24.4539
    1232      25.4648
    1233      25.6738
    1234      25.8108
    1235      25.2943
    1236      24.5986
    1237      25.8404
    1238      25.2351
    1239      23.5701
    1240      23.3721
    1241      23.3642
    1242      24.2852
    1243      24.6253
    1244      24.7544
    1245      23.7808
    1246      24.8413
    1247      24.9713
    1248      23.5075
    1249      24.3316
    1250      25.3099
    1251      26.1060
    1252      24.5717
    1253      26.2495
    1254      25.8325
    1255      24.9449
    1256      25.6904
    1257      25.0717
    1258      25.0727
    1259      24.2053
    1260      24.8853
    1261      23.0329
    1262      25.9018
    1263      24.7208
    1264      24.2422
    1265      23.2284
    1266      23.3301
    1267      24.5406
    1268      24.9616
    1269      24.1294
    1270      23.6487
    1271      24.0556
    1272      23.1158
    1273      22.7718
    1274      23.0242
    1275      24.2568
    1276      26.3770
    1277      26.0431
    1278      25.4374
    1279      25.9818
    1280      24.8128
    1281      25.9172
    1282      26.0433
    1283      26.7910
    1284      24.8879
    1285      24.3503
    1286      25.1858
    1287      25.5621
    1288      25.8177
    1289      24.6266
    1290      24.6899
    1291      23.4548
    1292      23.7342
    1293      24.7130
    1294      25.4309
    1295      23.9096
    1296      24.6495
    1297      25.6854
    1298      25.1965
    1299      25.4663
    1300      26.4539
    1301      25.3838
    1302      25.2739
    1303      26.0127
    1304      26.7671
    1305      26.4172
    1306      27.5442
    1307      27.1800
    1308      24.1994
    1309      25.1810
    1310      26.8617
    1311      26.4112
    1312      27.2470
    1313      26.3995
    1314      26.4115
    1315      27.1165
    1316      27.4994
    1317      29.1800
    1318      28.7523
    1319      29.4365
    1320      28.4203
    1321      28.3810
    1322      28.9640
    1323      27.4357
    1324      27.4550
    1325      29.9019
    1326      30.3347
    1327      30.9938
    1328      31.3695
    1329      31.8736
    1330      31.0431
    1331      30.4456
    1332      29.2020
    1333      30.5653
    1334      29.7982
    1335      30.3859
    1336      30.3805
    1337      29.8813
    1338      27.3727
    1339      29.5052
    1340      29.9603
    1341      28.9852
    1342      28.8943
    1343      29.6113
    1344      29.9367
    1345      29.3231
    1346      29.9770
    1347      31.4093
    1348      29.1994
    1349      29.9933
    1350      29.6147
    1351      31.0157
    1352      30.2265
    1353      30.7344
    1354      31.2733
    1355      31.5921
    1356      31.1152
    1357      30.1966
    1358      30.4815
    1359      30.4640
    1360      30.2422
    1361      30.8269
    1362      31.5612
    1363      29.6998
    1364      31.2093
    1365      29.6696
    1366      30.8990
    1367      32.2951
    1368      31.6833
    1369      32.7433
    1370      31.8332
    1371      33.5083
    1372      34.6584
    1373      33.7623
    1374      32.1648
    1375      32.6976
    1376      31.7746
    1377      31.7552
    1378      34.1991
    1379      34.5924
    1380      33.3330
    1381      31.7548
    1382      33.1145
    1383      33.9081
    1384      31.1161
    1385      31.3656
    1386      35.9988
    1387      34.0897
    1388      35.0803
    1389      34.3306
    1390      35.3495
    1391      35.5712
    1392      35.0694
    1393      34.7856
    1394      34.5256
    1395      34.8054
    1396      33.8232
    1397      34.3092
    1398      33.1927
    1399      32.9514
    1400      31.9299
    1401      32.2921
    1402      32.3533
    1403      32.5458
    1404      33.8729
    1405      32.3896
    1406      31.9150
    1407      32.0907
    1408      31.6945
    1409      32.0637
    1410      32.1229
    1411      31.7450
    1412      31.9536
    1413      31.6027
    1414      31.8516
    1415      32.7146
    1416      31.9976
    1417      31.6467
    1418      34.6077
    1419      34.8649
    1420      34.0751
    1421      32.8749
    1422      32.5164
    1423      32.6204
    1424      32.3107
    1425      33.4069
    1426      34.4594
    1427      33.5808
    1428      35.4619
    1429      35.1037
    1430      36.3975
    1431      35.8575
    1432      35.5087
    1433      35.1742
    1434      36.7882
    1435      36.3125
    1436      36.6480
    1437      33.7741
    1438      31.5713
    1439      31.4192
    1440      31.3730
    1441      31.8002
    1442      34.5038
    1443      33.2655
    1444      33.9007
    1445      34.4457
    1446      34.8531
    1447      35.4834
    1448      35.2033
    1449      34.2441
    1450      34.8850
    1451      33.6993
    1452      33.7961
    1453      33.5005
    1454      33.7146
    1455      34.8695
    1456      33.9369
    1457      34.3509
    1458      33.2133
    1459      33.7483
    1460      34.6652
    1461      35.0751
    1462      33.6146
    1463      31.7199
    1464      33.1582
    1465      33.8328
    1466      35.1294
    1467      35.1330
    1468      34.3267
    1469      32.9554
    1470      34.7052
    1471      36.2357
    1472      34.5601
    1473      35.6672
    1474      35.0264
    1475      34.4430
    1476      32.8716
    1477      33.1697
    1478      32.3082
    1479      31.5138
    1480      31.7815
    1481      30.7262
    1482      31.4171
    1483      30.1474
    1484      31.9838
    1485      32.3905
    1486      33.1276
    1487      31.2858
    1488      34.2674
    1489      32.2793
    1490      32.3662
    1491      32.3328
    1492      33.4194
    1493      30.5786
    1494      31.4446
    1495      28.0848
    1496      27.4192
    1497      27.1695
    1498      28.1323
    1499      28.2828
    1500      26.9892
    1501      29.8380
    1502      28.5624
    1503      29.5386
    1504      29.2217
    1505      28.2186
    1506      29.3124
    1507      29.9855
    1508      28.8609
    1509      29.3108
    1510      28.7599
    1511      30.7121
    1512      31.2493
    1513      31.9219
    1514      29.8022
    1515      30.0409
    1516      31.4693
    1517      29.6886
    1518      28.6801
    1519      28.8802
    1520      30.5285
    1521      31.6145
    1522      30.8480
    1523      31.7125
    1524      31.5292
    1525      32.0368
    1526      30.6926
    1527      30.1644
    1528      30.8060
    1529      29.8598
    1530      31.2652
    1531      30.3499
    1532      29.6618
    1533      30.7978
    1534      30.5758
    1535      31.0750
    1536      30.3013
    1537      30.0031
    1538      30.2830
    1539      30.5499
    1540      30.4368
    1541      31.4944
    1542      31.0401
    1543      30.7523
    1544      32.4578
    1545      31.3820
    1546      31.2734
    1547      31.4555
    1548      31.7920
    1549      30.3630
    1550      31.0443
    1551      31.8579
    1552      33.0400
    1553      33.9482
    1554      31.8128
    1555      32.2425
    1556      33.5840
    1557      31.1670
    1558      33.0579
    1559      34.0371
    1560      33.5937
    1561      33.2371
    1562      32.9469
    1563      31.1802
    1564      33.4411
    1565      32.4476
    1566      32.0564
    1567      33.9312
    1568      35.0310
    1569      35.5632
    1570      34.7116
    1571      33.0415
    1572      31.0253
    1573      34.4254
    1574      33.6456
    1575      32.2935
    1576      33.6505
    1577      32.1655
    1578      31.7373
    1579      31.2596
    1580      30.2406
    1581      28.7962
    1582      29.7718
    1583      28.8258
    1584      28.1991
    1585      28.5274
    1586      25.5798
    1587      26.2534
    1588      25.8371
    1589      26.5124
    1590      29.1379
    1591      28.3671
    1592      29.0737
    1593      29.8648
    1594      30.7880
    1595      30.8508
    1596      31.1169
    1597      31.4618
    1598      31.7553
    1599      31.5380
    1600      32.2250
    1601      32.5825
    1602      32.0315
    1603      33.0279
    1604      33.4580
    1605      32.9879
    1606      32.0460
    1607      33.2309
    1608      33.6777
    1609      33.9644
    1610      33.4680
    1611      33.9512
    1612      34.9456
    1613      32.3910
    1614      31.7651
    1615      32.0623
    1616      33.4579
    1617      34.4754
    1618      34.7561
    1619      34.5106
    1620      32.8288
    1621      32.4168
    1622      33.1909
    1623      34.5043
    1624      35.1433
    1625      31.6425
    1626      32.2230
    1627      33.5882
    1628      34.0354
    1629      32.6830
    1630      32.4627
    1631      33.8802
    1632      33.0269
    1633      33.9583
    1634      33.7773
    1635      32.9195
    1636      33.4887
    1637      32.9116
    1638      34.2143
    1639      34.2686
    1640      33.6204
    1641      35.0139
    1642      33.9687
    1643      34.3889
    1644      33.6683
    1645      31.7819
    1646      30.4235
    1647      35.2919
    1648      31.5064
    1649      33.6918
    1650      34.0884
    1651      34.2029
    1652      33.7883
    1653      33.4669
    1654      33.4413
    1655      33.2166
    1656      33.1703
    1657      34.0726
    1658      33.5448
    1659      32.3903
    1660      32.0434
    1661      32.7412
    1662      30.1453
    1663      30.4723
    1664      29.3269
    1665      30.1757
    1666      28.8810
    1667      30.1412
    1668      32.0822
    1669      32.5592
    1670      33.5465
    1671      32.3768
    1672      30.9619
    1673      31.5748
    1674      33.1261
    1675      31.6734
    1676      31.7740
    1677      33.7252
    1678      33.8536
    1679      33.7337
    1680      33.2546
    1681      31.7920
    1682      32.0382
    1683      31.1846
    1684      31.9699
    1685      31.9230
    1686      32.0569
    1687      30.7180
    1688      32.0603
    1689      32.0792
    1690      31.0679
    1691      30.1527
    1692      26.9420
    1693      31.0174
    1694      32.8041
    1695      32.3657
    1696      32.4772
    1697      33.1169
    1698      32.5548
    1699      31.3888
    1700      32.2729
    1701      32.5477
    1702      32.1320
    1703      31.8870
    1704      32.4367
    1705      32.5577
    1706      32.7667
    1707      31.6785
    1708      31.9028
    1709      31.7589
    1710      33.0981
    1711      33.8380
    1712      34.9890
    1713      35.0539
    1714      34.4035
    1715      34.5438
    1716      37.3374
    1717      34.8670
    1718      35.3145
    1719      37.9485
    1720      37.0352
    1721      36.0060
    1722      36.8222
    1723      35.3035
    1724      34.7916
    1725      37.0879
    1726      37.8372
    1727      37.7436
    1728      38.2756
    1729      37.1161
    1730      38.0164
    1731      37.3510
    1732      38.5788
    1733      37.7691
    1734      37.3566
    1735      36.6064
    1736      36.9217
    1737      36.8480
    1738      36.9542
    1739      37.5143
    1740      36.6572
    1741      35.2513
    1742      35.0401
    1743      35.0902
    1744      34.7656
    1745      34.1458
    1746      34.1488
    1747      32.8634
    1748      32.8539
    1749      32.7287
    1750      32.5357
    1751      32.7638
    1752      32.4148
    1753      33.2476
    1754      33.9320
    1755      32.5974
    1756      32.4514
    1757      31.4265
    1758      32.9925
    1759      33.0907
    1760      32.8265
    1761      32.4759
    1762      32.6951
    1763      35.0580
    1764      35.6991
    1765      36.0404
    1766      35.5086
    1767      34.7794
    1768      34.8673
    1769      35.1556
    1770      35.4907
    1771      35.7797
    1772      37.0000
    1773      36.3631
    1774      36.8520
    1775      35.1777
    1776      33.1788
    1777      34.9587
    1778      36.4103
    1779      36.7038
    1780      35.9899
    1781      35.0608
    1782      35.7073
    1783      33.3643
    1784      35.0270
    1785      35.0335
    1786      33.5968
    1787      33.3042
    1788      36.6231
    1789      33.4044
    1790      33.6802
    1791      33.7645
    1792      33.5486
    1793      33.5525
    1794      32.1109
    1795      34.6563
    1796      34.6810
    1797      34.7213
    1798      36.0416
    1799      34.5967
    1800      36.8726
    1801      36.4407
    1802      34.9676
    1803      36.9721
    1804      36.2803
    1805      35.2965
    1806      36.2067
    1807      34.1577
    1808      34.7723
    1809      35.3932
    1810      36.6475
    1811      36.6475
    1812      36.5954
    1813      35.5044
    1814      35.3195
    1815      34.6441
    1816      36.4262
    1817      35.9673
    1818      34.1182
    1819      34.4904
    1820      35.7241
    1821      34.1650
    1822      35.6021
    1823      34.0978
    1824      32.0834
    1825      35.3394
    1826      34.1735
    1827      36.4839
    1828      35.2189
    1829      33.3468
    1830      34.0577
    1831      34.3965
    1832      32.3484
    1833      33.3445
    1834      31.3575
    1835      32.5507
    1836      34.0370
    1837      33.9895
    1838      34.5783
    1839      33.2717
    1840      34.7232
    1841      32.8074
    1842      32.8277
    1843      33.7805
    1844      33.4676
    1845      35.2156
    1846      34.5055
    1847      34.5588
    1848      34.7948
    1849      35.8962
    1850      35.7382
    1851      36.3655
    1852      36.1628
    1853      36.9427
    1854      36.7919
    1855      36.9579
    1856      36.7607
    1857      37.2530
    1858      37.3447
    1859      35.6858
    1860      34.8842
    1861      35.3022
    1862      37.5305
    1863      36.9484
    1864      36.1550
    1865      36.7572
    1866      36.5905
    1867      36.8018
    1868      37.6573
    1869      36.5057
    1870      35.7813
    1871      36.4167
    1872      35.2881
    1873      36.2337
    1874      36.8212
    1875      34.9305
    1876      35.3595
    1877      35.4909
    1878      36.1006
    1879      35.5449
    1880      35.7667
    1881      35.5585
    1882      35.2650
    1883      35.2162
    1884      36.4261
    1885      36.1052
    1886      35.5789
    1887      34.9872
    1888      34.8382
    1889      34.8575
    1890      33.8062
    1891      31.6811
    1892      29.0658
    1893      28.8375
    1894      28.3675
    1895      29.9082
    1896      29.4088
    1897      29.6948
    1898      29.2368
    1899      30.3234
    1900      31.4890
    1901      31.4054
    1902      35.1269
    1903      35.1277
    1904      33.5916
    1905      33.6409
    1906      34.4669
    1907      34.7983
    1908      35.3299
    1909      35.0202
    1910      34.8681
    1911      32.9378
    1912      33.5026
    1913      32.2411
    1914      31.9384
    1915      31.9158
    1916      32.2781
    1917      33.6009
    1918      32.4270
    1919      32.2507
    1920      31.6999
    1921      32.5566
    1922      32.9470
    1923      33.0373
    1924      33.0565
    1925      32.7062
    1926      32.9525
    1927      34.3663
    1928      35.7797
    1929      35.8169
    1930      35.0979
    1931      35.2535
    1932      34.8663
    1933      33.8047
    1934      33.0394
    1935      33.8595
    1936      34.9930
    1937      35.0978
    1938      36.1421
    1939      35.2287
    1940      35.8419
    1941      34.6481
    1942      35.6251
    1943      35.2078
    1944      33.9712
    1945      33.8275
    1946      33.1163
    1947      35.3014
    1948      33.8678
    1949      33.7273
    1950      36.0338
    1951      35.0494
    1952      36.1660
    1953      36.3868
    1954      37.1295
    1955      36.7492
    1956      37.8374
    1957      38.3255
    1958      36.7540
    1959      35.8308
    1960      37.1587
    1961      36.4091
    1962      36.4126
    1963      37.0805
    1964      37.9927
    1965      37.8045
    1966      37.7158
    1967      38.1712
    1968      38.1808
    1969      39.0213
    1970      39.2238
    1971      39.2820
    1972      40.4463
    1973      38.6484
    1974      39.3256
    1975      38.9608
    1976      37.5661
    1977      36.7507
    1978      38.3377
    1979      39.7897
    1980      37.7065
    1981      37.9396
    1982      38.2945
    1983      36.7752
    1984      37.5411
    1985      39.1468
    1986      38.7106
    1987      39.5815
    1988      39.5430
    1989      39.3344
    1990      37.3581
    1991      40.7313
    1992      39.4612
    1993      38.8471
    1994      39.5364
    1995      38.7766
    1996      38.5271
    1997      36.1994
    1998      35.6922
    1999      35.2128
    2000      37.3517
