Run semi-empirical minimization
 &qmmm
    qm_theory='AM1', grms_tol=0.0005,
 scfconv=1.d-10, ndiis_attempts=700,   qmcharge=0,
 /
   6   C1B       42.0070       45.2340       39.5840 
   8   O57       41.6330       46.2840       40.0460 
   6   C2B       43.4560       44.8300       39.6590 
   6   C3B       43.8490       43.4940       39.6550 
   1   H3B       43.0730       42.7840       39.9220 
   6   C4B       45.1590       43.0690       39.7470 
   1   H4B       45.3800       42.0200       39.9210 
   6   C5B       46.1320       44.0430       39.8420 
   1   H5B       47.1810       43.7640       39.8930 
   6   C6B       45.8360       45.4310       39.7660 
   1   H6B       46.6470       46.1520       39.7210 
   6   C7B       44.4990       45.8480       39.6430 
   1   H7B       44.3040       46.9170       39.6580 
   8    O2       40.2680       45.1070       38.5480 
   6    C2       39.9910       46.3300       37.9550 
   1   H12       40.9820       46.6810       37.6420 
   6    C3       39.0610       46.2370       36.7050 
   1   H14       38.1400       46.7550       36.9990 
   6    C4       38.4380       44.8390       36.4880 
   8    O4       37.5630       44.4880       37.5330 
   6   C42       36.2590       44.9750       37.5480 
   8   O41       35.7160       45.7340       36.7830 
   6   C43       35.5030       44.3100       38.6720 
   1   H18       35.9300       44.5270       39.6590 
   1   H19       34.4700       44.6760       38.7140 
   1   H20       35.4210       43.2270       38.5180 
   6   C41       39.3850       43.6270       36.1720 
   8    O5       38.6520       43.4560       34.8770 
   1   H16       40.4620       43.7660       36.0140 
   1   H17       39.3050       42.8310       36.9240 
   6    C5       37.7460       44.5750       35.0740 
   1   H13       36.7150       44.2040       35.1360 
   6    C6       37.9890       45.5570       33.8740 
   1   H21       37.0690       45.6850       33.2900 
   1   H22       38.7570       45.1110       33.2300 
   6    C7       38.4490       46.9320       34.3540 
   8    O7       38.9160       47.7100       33.2600 
   1   H28       38.1190       48.0450       32.8140 
   1   H23       37.5700       47.4660       34.7340 
   6    C8       39.5530       46.9500       35.4380 
   6   C81       40.8760       46.2690       34.9210 
   1   H24       40.8350       45.1790       34.8030 
   1   H25       41.0840       46.7030       33.9350 
   1   H26       41.7670       46.3870       35.5510 
   6    C9       39.8730       48.4190       35.7100 
   8    O9       41.0020       48.8030       35.4770 
   6   C10       38.8680       49.3960       36.2650 
   8   O10       39.0830       50.8240       36.1790 
   6   C32       39.3860       51.3330       34.9440 
   8   O11       39.1860       50.7080       33.8830 
   6   C33       39.7250       52.7530       35.0170 
   1   H29       39.3330       53.1550       34.0740 
   1   H30       39.2040       53.2390       35.8510 
   1   H31       40.8180       52.8150       35.0960 
   1   H15       37.8850       49.1940       35.8210 
   6   C11       38.5490       49.1060       37.7490 
   6   C15       39.6580       48.9000       38.7810 
   6   C30       39.4000       49.8710       39.9660 
   1   H35       39.9990       49.6770       40.8660 
   1   H36       39.6480       50.8970       39.6690 
   1   H37       38.3690       49.9480       40.3310 
   6   C31       41.0970       49.3230       38.3940 
   1   H38       41.6050       48.5930       37.7530 
   1   H39       40.9530       50.2920       37.8990 
   1   H40       41.7990       49.4690       39.2240 
   6    C1       39.5950       47.3700       39.0900 
   8    O1       40.4760       47.1120       40.1620 
   1   H11       40.3040       46.1770       40.3680 
   6   C14       38.1950       47.0590       39.7860 
   1    H4       38.0970       45.9660       39.7970 
   1    H5       38.0780       47.4990       40.7830 
   6   C13       36.9670       47.7120       39.1020 
   8   O13       35.9440       46.9190       39.0930 
   6   C12       37.1980       48.7540       38.1460 
   6   C29       35.9410       49.0960       37.3640 
   1   H32       35.0160       48.8140       37.8810 
   1   H33       35.8800       50.1880       37.2940 
   1   H34       35.9020       48.7120       36.3370 
   1  H131       35.1680       47.1410       38.5730 
   1    H1       36.5600       48.2550       39.9540 

